11411
178
48722
436
446
1113
301
228
3725
152
830
1238
1062
333
476
97
1066
1241
367
834
1421
637
200
259
252
321
448
294
1131
647
185
265
604
41
292
440
696
236
19292
553
64
1121
1644
540
58
271
2492
98
1187
268
1004
369
3130
252
142
347
265
207
823
317
642
166
659
226
113
113
317
1345
190
317
240
306
899
440
1202
953
664
456
388
2792
430
177
145
322
186
413
524
695
64
829
758
106
835
1271
361
588
136
126
85
334
158
127
371
186
325
182
191
894
221
463
437
809
15427
780
226
146
75
244
372
6718
774
848
136
295
389
862
777
606
223
2082
883
357
207
515
221
2847
299
1173
806
967
328
888
223
73
904
112
1005
224
2191
360
797
2717
276
251
228
698
329
2898
706
1171
1021
139
573
219
1422
1004
1024
390
573
563
860
14643
186
418
11064
660
587
1246
1902
251
539
193
1116
468
646
689
95
454
962
259
611
323
40185
246
565
205
225
207
519
1634
1021
730
693
261
5377
637
184
368
322
2132
658
312
1652
193
88
1005
470
405
1787
182
429
277
141
369
212
141
265
750
175
793
108
174
148
373
315
293
3316
267
611
937
293
426
327
331
1133
1246
187
138
236
310
127
607
1258
599
570
1669
554
613
187
548
448
781
1346
607
881
131
5402
49
258
284
320
108
379
1200
110
933
532
247
268
563
213
195
812
4441
65
418
646
766
318
56
158
297
100
1031
469
97
149
1474
337
141
556
465
1692
3305
216
363
85
170
17990
154
67
55
127
541
3354
678
351
4197
429
357
132
1926
66
201
2004
267
32
2478
56
226
7326
109
357
5968
16340
188
29
170
677
6188
378
117
3056
58
62
3971
1798
761
2504
102
883
1241
88
190
823
186
554
191
42
55
484
480
271
392
3290
46
4093
1288
248
3192
1363
3031
5310
2089
111
56
449
1288
1280
590
1887
221
101
32151
1152
2237
2535
3922
40
460
1202
966
319
217
14812
456
833
155
374
201
1775
1576
172
102
1431
1122
2192
42
51
837
1611
272
418
466
138
876
116
40
1286
1283
706
2228
1893
798
38
145
426
176
146
150
385
846
55
868
315
12231
376
1047
2698
324
521
444
275
142
279
960
147
1338
2468
1221
391
581
1890
1828
232
219
572
582
262
44
898
48
1639
369
188
125
171
74
3359
211
1271
1689
56
902
579
2097
692
101
134
103
271
1366
414
271
5884
2652
665
77
60
52
1362
328
985
84
966
1204
448
1577
111
1030
207
647
538
215
303
111
759
425
9651
55
590
115
249
1828
1549
1041
1516
1630
2303
766
12674
125
1268
278
183
272
200
3661
1770
50
1364
108
277
459
31
510
198
1328
576
508
69
38
879
351
714
3576
1486
1992
1576
1757
3404
475
943
368
226
357
953
528
1310
8310
521
5867
613
736
790
766
1234
12502
2787
1836
737
1707
6783
1513
600
594
1015
516
190
5791
259
761
817
3768
284
793
972
1691
841
1560
1207
1600
8979
815
1151
2140
2101
3276
890
2828
2746
379
1325
1022
145
1008
689
1554
722
486
1611
1091
540
56405
8396
1367
672
1405
625
880
469
836
1217
1237
524
2368
3119
1990
476
1330
366
896
483
636
1710
305
573
10532
656
2924
1222
1278
535
351
1558
2237
274
1074
435
4067
160
10475
1284
275
476
720
7707
775
490
1958
349
2382
67
1821
980
1847
372
11267
1990
317
1291
7507
332
2212
460
1280
1861
5219
2847
264
283
5599
925
948
859
786
952
3540
4158
2045
4436
3884
858
742
3668
172
1662
352
1363
591
434
5419
16315
1142
955
1963
8227
1100
1332
5473
259
4170
1379
3323
1127
637
115
681
198
1065
1319
21638
103
578
971
15737
245
151
217
11106
117
941
1866
31392
171
384
2856
1849
314
587
4849
5549
5462
149
2877
1227
383
1715
513
1377
1834
158
1013
1804
362
5897
712
439
9713
2550
429
124
660
23968
32
445
257
232
13994
1084
5558
3030
912
9736
109
1126
278
965
1071
639
763
233
4092
338
359
769
285
4595
831
40
2416
405
2587
501
690
45
462
267
431
235
33359
24
486
561
2121
3165
489
574
28337
83
4172
188
4836
351
922
14707
502
763
607
2006
781
524
1168
296
688
2356
146
2591
1935
352
387
491
353
9615
1852
20663
5365
2452
11390
2067
818
6313
622
1853
638
400
163
1140
133
760
479
268
228
208
664
1108
26
757
12586
2964
1536
7055
973
30968
2045
992
1325
1674
163
1124
154
3130
493
1376
381
1110
346
311
46
926
3591
2522
233
374
3023
2490
1014
2061
1449
619
1950
529
6279
12117
943
176
1884
1210
2285
2739
2472
6413
290
595
2038
527
907
685
310
29004
895
566
154
3924
3739
445
475070
1721
377
2587
2399
66
181
297
7016
112
130
865
2449
505
569
1837
65
493
894
21270
592
3065
877
505
162
429
355
3086
2943
747
2217
1836
645
1257
630
2411
2899
9474
705
784
327
606
9072
5347
263
170
1535
99
500
902
62
148
1179
118
1392
7771
1358
572
139
41
560
778
537
158
669
32
2707
161
74
458
176
4511
261
623
115
663
322
4858
488
185
217
310
574
348
2429
540
55
896
456
499
143
765
194
731
96
105
398
425
2618
245
44
78
157
285
1412
361
135
576
127
71
2348
928
194
5168
236
229
2891
732
464
4002
2156
1200
4482
25315
282
1003
106
172
1899
749
25536
548
550
1245
89
217
696
296
4769
131
263
513
2231
416
1913
1111
9041
909
266
370
326
2383
70
933
1726
243
340
1231
341
360
2340
826
882
383
540
2384
1753
921
345
104
1266
2503
780
1554
1262
927
953
569
65
990
307
1233
1751
446
799
520
650
595
187
1481
111
3433
1674
150
1757
569
266
825
5087
208
115
844
269
735
676
273
256
1249
149
58
557
287
2912
445
313
925
121
204
462
376
1095
530
2876
114
2245
143
164
341
398
405
2782
850
59
10728
590
58
285
149
1463
613
4384
83
69
151
304
233
874
897
79
1364
241
771
245
528
656
8779
1972
710
894
1543
461
338
1202
167
233
434
840
720
2636
474
217
103
1024
701
223
1236
17591
756
3971
147
1062
113
337
19089
727
495
174
700
1173
77
137
618
475
407
321
567
71
440
233
1387
2736
752
1541
1481
301
141
238
1017
263
274
919
1997
163
460
705
370
233
794
445
78
1026
474
254
1061
1191
1735
100
115
259
921
94
505
2168
556
2386
44
106
584
2124
198
765
187
119
1775
184
2612
2837
354
129
367
100
1194
782
1487
705
1235
479
4698
11273
444
3625
3959
3653
8119
1506
1675
2956
2308
1442
107
378
4587
251
2643
443
2560
1219
451
1486
67715
780
410
49
3493
3428
5794
3888
641
608
3067
475
473
4917
4765
3515
69
3619
3323
2956
4824
2619
411
2470
750
4663
1825
9568
2503
226
2649
2197
2305
2085
81
5948
1800
2256
842
1456
1017
1570
2282
2644
1056
1865
3404
3819
3040
3078
5353
712
6600
1083
2585
507
193
1177
1954
600
396
5386
2192
1831
4687
170
14123
661
2023
1175
4787
792
1992
761
1897
2431
377
112
1948
2037
121
645
3426
911
476
3135
3536
2938
4136
1015
3818
775
540
4313
110
414
2611
2974
387
2319
430
3135
1517
575
2220
4193
5881
1424
109
1787
142
701
1684
1549
1666
2801
4801
7240
332
642
109
404
569
1076
106
3187
7003
1274
2642
2777
3409
1831
216
3757
1210
822
791
678
278
66
934
1085
4392
6224
2014
2922
2906
1221
730
3038
1006
4008
790
616
2367
10687
306
452
582
2634
3207
3209
3295
351
2277
3920
6400
728
1561
1352
14922
1348
1096
1192
478
5759
2834
3084
634
3408
8031
666
2203
337
1446
2463
4286
5477
1522
643
5405
16977
6908
929
5766
625
2793
2792
399
88
132
158
134
3746
4494
2942
681
754
379
2801
4321
4378
1204
4280
958
1584
5172
5740
916
4534
1109
1515
290
1564
2266
1927
7343
2544
1465
709
1399
7009
1629
1138
1535
2570
866
3067
5704
1717
6902
1286
4836
963
417
3112
107496
436
1285
6837
2133
4991
1580
246
2814
5536
6952
5162
3596
6727
6811
1056
3909
6979
729
3220
439
1245
607
10784
963
398
1774
4893
3212
1298
4479
2315
9716
4549
1315
871
8784
3276
15774
2776
5383
3294
1208
5594
2872
1600
6596
1705
6872
10435
1391
2993
10403
1170
224
89
5619
2399
322
8207
664
1073
2221
9296
413
399
238
13265
788
84
1944
1220
2062
2997
7562
2563
442
2033
7266
978
1487
377
1213
2962
13488
3146
469
1647
7111
1217
2353
2794
1000
2371
2145
670
7217
1512
7992
918
2736
2291
119
1317
11319
2878
413
4463
1541
349
380
954
2639
2608
5069
1568
1666
2345
3373
1160
3998
3888
2081
1657
952
3687
4447
584
2115
3725
1855
7816
2690
6212
2720
5496
9779
3282
2147
2122
6414
2137
1375
2676
2895
7768
618
948
850
1883
4639
1179
837
1167
798
697
741
3863
4593
8295
1151
3351
324
2115
898
119
5126
2421
2345
978
6335
899
3388
453
1277
4360
686
4066
2653
1635
731
1731
3177
1211
4730
420
3134
2061
346
2225
220
1756
2982
952
170
664
3852
1410
223
1042
2411
4649
4610
285
1271
944
22786
3018
3453
735
1924
2825
1752
4021
1018
3303
2018
858
616
111
2009
367
5632
4005
1214
299
263
3280
45690
487
420
2178
135
356
902
2142
157
9799
1708
728
2460
1876
3185
5742
493
641
1877
753
2750
382
3505
5818
534
318
1582
277
1224
2245
3596
109
2628
5654
1253
1595
3384
1571
5858
401
14443
2017
1848
2403
1024
1358
3083
153
1645
4868
591
710
1781
6972
1452
1788
115
711
152
499
400
148
2395
2714
615
882
195
775
1029
4702
3509
290
612
5030
194
1077
559
2041
1558
802
421
416
3458
723
3188
149
5530
3004
1583
1658
107
891
119
1825
521
2584
4797
102
696
2211
1195
371
3048
1000
338
247
754
806
452
1424
351
197
1510
2215
1015
770
331
995
8203
948
314
277
5624
3526
189
334
1380
552
695
589
839
1075
20442
40258
1085
359
268
192
2332
358
684
628
539
1143
674
869
384
899
1124
1618
737
1320
1791
1102
1083
1367
1632
494
490
3692
620
1665
819
2370
5260
2139
916
383
1984
1625
702
753
928
3927
903
540
994
624
2265
382
1139
4885
1362
1776
708
1225
871
1038
283
807
311
2128
1900
539
4720
4733
1732
970
376
4071
935
313
294
267
1040
316
1633
1006
2406
2633
2163
306
235
1714
5580
3534
1308
3414
423
8097
2440
2367
768
1184
1387
853
1846
2517
6345
2987
11771
2258
1645
682
9048
1983
1655
1305
5769
4923
3196
891
26517
4006
425
4620
2163
3346
2923
1372
3760
4178
1030
3688
934
1376
9603
664
3395
766
1490
3146
4170
4355
2551
4280
936
5750
745
1058
713
4437
894
1637
1229
11136
9696
1181
4300
17928
2922
4132
12135
7252
5505
4814
10457
2191
4469
2384
2026
1233
4374
2656
21927
15160
1416
16805
2737
5556
8376
719
3990
7347
2383
9221
2336
3423
10836
8437
1161
6387
21020
3089
8991
13420
8539
38739
2845
25208
1211
10842
11427
12575
18409
4880
2503
11407
3760
1886
5641
15932
5088
12013
1638
1040
5515
6779
5051
15774
34150
2402
5890
13966
5519
3833
2029
6822
9772
10918
2657
694898
693
4616
10638
443
12355
2764
8472
2582
938
28873
3552
16166
6473
6018
14058
5688
8817
17135
5136
3375
5106
4455
8471
29667
2981
4254
2933
3515
22877
4319
18625
4006
19876
2956
5050
2579
7134
21129
12848
43144
4337
12507
8242
3054
12303
7033
2193
3451
4131
3291
5456
4997
2438
2017
5514
4038
10025
5119
2582
1130
4122
491
154
310
1967
911
222
410
507
1054
590
387
3410
1665
1572
820
200
590
1566
381
287
408
2033
4891
70
594
896
63
817
868
258
552
1499
5020
4026
446
3724
633
658
329
4076
150
1224
126
441
3057
710
2061
814
3213
647
993
1069
497
525
1351
644
215
210
2962
2674
605
475
201
728
114
113
5796
5573
843
3072
1926
120
1568
2501
894
3635
242
694
1614
68
1309
1469
1010
1485
842
3377
190
636
321
848
2152
470
963
272
310
179
346
988
385
8063
180
413
110
649
1096
198
1017
40549
471
481
1128
1476
1090
466
457
935
245
577
885
3027
3548
358
30
133
406
353
851
355
449
428
252
398
2603
655
3655
2991
1158
894
570
269
1246
466
300
991
537
119
393
3587
749
326
6533
355
1038
297
477
189
1557
1947
521
2862
1342
2156
616
354
122
1086
945
169
1771
68
1874
254
771
3584
33028
51
520
1705
818
21958
93
559
1054
564
291
250
1052
1910
184
1942
356
1004
2048
82
2574
744
2463
1290
678
635
957
334
942
279
435
4303
1554
1592
229
687
837
3312
292
1772
1955
337
513
380
113
1247
2868
982
824
3587
427
341
464
650
593
1168
1918
7425
1155
30
848
1402
1224
1168
1418
394
1778
197
331
1894
224
283
2425
12294
52
2832
133
2520
5372
444
413
1649
1280
2598
2053
1541
568
671
136
638
1790
223
3256
3376
5983
2981
2661
470
1020
991
406
1407
3392
5129
2033
2663
1337
1961
508
1020
652
510
734
630
650
2017
48108
1034
1069
4743
2782
1507
8619
4019
10378
3056
1635
771
2435
3325
13135
371
8887
342
828
1145
4727
3177
3371
511
6190
2266
1249
2749
646
1579
430
403
2092
1749
1627
101
1867
942
1995
822
87
7344
4164
392
28525
664
5756
2904
1592
6253
2158
1559
3258
5060
1370
680
692
6193
2964
3211
3029
5071
2225
3114
6920
829
7958
839
1481
739
9699
1826
4678
195
173
1145
822
845
1208
2779
3019
2740
7445
4999
476
459
1661
1360
531
1868
728
9516
732
22645
6459
2524
3542
10059
3697
2158
1635
11176
2357
128
6321
914
1449
45027
4475
3788
4342
5262
3092
357
2062
1717
1432
2443
1468
3262
809
2066
2171
2767
1716
2982
8302
928
524
8385
2752
324
1528
2217
1646
2391
4496
1114
743
2932
175
1095
928
1584
1581
210
807
467
466
5393
1578
1635
1572
1187
2845
28391
1321
3024
2457
6559
258
9052
5331
328
2163
1232
1740
2613
26
2162
5355
3818
4140
735
2785
2243
226
103
1208
545
1378
1541
1301
3601
1918
1336
1451
1661
100
1140
314
1291
2242
6988
336
490
183
1841
3487
1342
198
635
1004
2409
1326
1554
1739
1956
8615
1002
1591
944
983
2901
1533
1332
1318
8710
1256
1804
675
145
953
1262
1406
755
1609
1584
1399
25125
4268
38
847
1827
938
2521
273
993
1525
3531
1206
1019
850
1064
1630
1190
2314
2074
7000
1198
1215
1035
2151
1894
3309
577
899
914
1011
4161
9193
1341
3870
10883
4126
4509
6355
9730
7988
10074
3983
20626
2709
3799
1372
3130
10944
4445
4223
4101
22362
5323
9477
6130
1737
24691
15924
5008
9708
5191
18605
26617
4616
14102
2573
3505
69967
14379
13776
2979
2514
2490
2161
27101
14052
5229
2638
5582
6324
8481
4852
2743
5876
8363
16204
559
907
237
7810
401
1990
849
56910
332
1038
11024
1710
8222
218
4154
1320
2544
1144
3325
811
1516
2894
1825
1300
415
810
1058
1704
2943
1355
1794
445
1349
1580
947
450
2336
2604
1393
10514
5891
1842
177
792
755
694
2253
1551
1348
411
889
19207
1398
1002
1027
1027
2636
1571
960
2064
2106
2515
1795
776
334
88
1010
1582
283
161
1977
1484
4108
681
1351
632
1930
1663
1714
1723
1871
996
1485
766
1088
3583
1426
732
1471
673
414
850
3044
825
480
851
2380
1845
984
518
1254
543
411
1360
601
1566
1421
2744
1222
1534
2312
1456
489
677
960
3147
5101
908
2086
1031
3272
310
646
10560
2629
3149
1012
1698
245
978
281
430
1266
469
4272
2475
163
466
421
202
844
665
2397
1111
465
989
911
1161
368
650
590
338
366
150
2113
1386
821
680
2248
632
326
1928
172
1448
471
238
225
2600
4119
390
1674
576
932
424
373
256
777
1275
374
2874
428
566
644
309
2029
809
823
213
258
1669
463
1401
743
1751
732
5223
3246
4546
526
481
168
1833
1210
238
91
329
550
1041
3230
4061
1506
712
6013
1635
867
1333
835
635
521
520
121
478
1150
475
226
12641
919
438
1998
1625
981
3956
2639
3285
877
771
9567
382
892
1757
291
639
248
976
22745
266
479
125
361
994
1722
729
572
436
896
863
1943
2067
238
431
515
712
794
475
693
2871
296
1295
413
693
1197
456
411
1647
2046
784
470
947
69150
964
760
276
893
3293
502
1152
110
2447
3092
1950
1060
1051
2389
1555
700
4058
1481
2001
21205
464
1316
698
736
2491
846
225
183
1245
3464
233
1428
1163
12286
1978
368
1739
640
1808
3275
660
3027
347
761
3644
161
2728
203
2274
5011
1735
413
700
1010
253
934
4141
338
1520
1062
6069
264
1527
1858
278
865
984
876
2998
1562
300
1153
910
531
515
117
12359
2072
16635
2815
1272
1392
3222
2185
2154
404
2366
1648
5354
2214
4604
9594
9138
1742
7067
3724
1521
1008
4792
3016
2896
3675
967
3671
1272
13177
4051
6006
3363
4591
5829
10185
4977
4522
2854
2683
2742
1257
5467
4904
4482
2043
5761
1100
3509
1284
1223
1743
6687
11358
5695
7069
6769
3543
118898
2457
821
7024
5609
12082
2116
1580
2171
8889
2318
2982
9808
3225
1816
6096
4169
8234
2838
1969
4692
1452
4711
1594
1311
6406
14172
4323
2571
5944
1781
4869
3876
7763
2769
1465
2550
1162
584
8222
14463
3574
1458
6568
3936
2204
12357
2745
1687
6044
750
1559
855
439
1671
551
967
2356
1599
957
2310
1444
1690
1124
1338
2591
945
1586
665
929
1257
627
6917
2224
2130
1107
7263
961
1030
766
2394
1410
6129
9168
4119
30521
738
667
2510
2061
5338
1656
3157
756
1254
484
4247
2613
5156
3701
4808
4588
2947
6953
8145
7149
1298
20280
4436
1737
2099
2076
1889
1518
3261
3112
19461
4203
3590
2515
3475
5169
2247
3486
3254
1782
3759
3103
3565
2498
5571
5628
2716
5973
3264
5677
1639
1964
16958
2655
876
17857
2760
1559
6044
4125
11970
2600
2340
1306
13716
4219
6620
4690
7900
445
1184
3220
10573
5998
1046
5637
1292
6651
8986
3925
7722
4097
3343
2693
5351
6112
4347
1849
1182
3759
6344
6789
6631
2621
6505
48440
6161
3884
10031
2219
11105
16785
6364
1089
6876
2266
4510
6933
8374
7007
7698
8493
3555
29502
1996
1884
6720
9237
7647
4967
2532
3886
4447
1800
15015
10914
13569
3879
23258
17310
6606
10339
4032
7765
15430
2562
4729
8330
24855
7065
11015
7868
11782
16776
4583
1438
2942
143953
5994
1463
3101
1446
3650
1627
4111
1851
1013
1183
909
2186
9166
834
1438
11590
4269
4367
4850
3405
2301
7073
7473
3498
934
9887
1476
4925
4991
652
2288
1473
1103
441
149
2614
2407
3184
6679
3104
6755
1908
5162
4086
15043
2075
2020
1581
2813
2676
5043
4222
10655
4641
1877
5452
700
1862
10442
6162
4409
1472
1390
2301
3460
1443
967
1248
2414
11191
3216
14855
2434
9046
381
1733
8225
6842
1518
817
595
4496
8986
10724
1712
1342
1745
3149
1579
8705
479
145901
2914
1558
5917
3422
19496
8788
2882
928
1334
1033
7291
1387
5318
1849
14292
4223
546
2598
25730
4174
5608
4180
2104
2425
7195
1618
841
6402
1129
530
2190
2441
9095
1786
3719
7547
1618
570
2114
1424
7425
4905
6793
796
8808
1048
2554
458
1560
1931
573
2614
2205
6439
78
124
3706
8639
2370
1699
9179
5986
9227
2295
1732
3768
13121
3302
1937
2136
1184
1849
5930
1848
1095
4948
1965
797
3229
5427
1911
450
1496
4858
2693
333
2171
1668
3667
3997
2774
9122
9056
4907
444
715
5191
1048
916
3792
2322
3472
3720
1790
22853
1148
2660
4720
7861
13508
366
3855
7162
5476
2032
15988
798
2042
1109
1496
62373
1243
3934
4400
807
541
4417
1059
4584
903
232
1073
1945
19885
4107
5045
990
588
13861
432
1018
2433
7333
1354
3886
500
1011
1315
1060
4604
1771
1077
1372
527
567
2049
1273
1774
1085
2184
3350
1631
1204
417
3999
2456
1056
4979
748
1785
1845
2451
603
424
7736
412
349
6765
9436
1416
304
2060
1388
1440
88
61
807
1755
3906
4043
683
1042
337
583
354
6824
3000
210
7855
456
2518
3774
370
1488
3567
566
3911
1184
4125
1712
963
1105
331
3083
1602
1502
1586
1651
1107
3340
1710
3204
1239
5918
1461
3532
1516
807
1647
3447
4219
2351
532
944
2683
153
468
479
1738
323
283
3070
3704
572
172
241
1510
3698
1219
1818
4804
4510
3533
689
1341
1450
814
1020
811
203
214
2386
506
196
804
329
2616
5227
2567
9305
1788
6198
1306
1765
1279
1088
413
4665
1075
55340
1721
1257
531
1364
488
346
5284
513
8186
3493
1292
111014
148
736
5113
9166
170
5634
1488
3953
4927
449
879
3048
209
553
236
11599
1674
215
905
7155
7340
369
6638
922
2641
1630
4297
863
1956
9328
28784
4644
1815
3701
11606
2600
874
2679
8901
1299
3941
6911
198
218
986
864
2340
441
797
5104
7391
1569
1514
2617
1007
3217
3438
1742
4247
2123
4181
1872
907
2347
15993
1337
5830
3422
157
322
1098
34
273
135
321803
53
853
7459
1508
282
880
2295
1664
782
2103
1384
1749
116
1067
1254
442
315
1545
246
60
16547
6100
461
2453
27
1603
252
1508
5428
3582
545
1823
4713
10976
2452
313
1266
324
1297
465
215
1480
169
244
110
62
221
638
162
5663
255
452
2975
152
741
155
576
654
171
345
252
727
360
119
495
383
1209
3246
634
1156
731
22721
355
125
121
293
282
88
112
1855
370
257
687
424
493
1302
304
250
311
194
1654
135
1657
693
764
28754
1280
169
537
7823
158
194
669
3769
219
11926
121
230
2707
6195
1554
4717
502
568
766
640
323
311
5263
826
3712
389
51987
6094
3365
322
809
5186
390
2266
2125
942
379
5763
13181
842
1138
465
4634
313
6048
13509
3524
6359
1150
4379
330
337
379
723
1632
2581
1375
225
7558
1114
857
3311
376
163
80
3371
1840
3134
1257
664
1136
136
6919
686
658
236
1021
6267
580
676
62
1976
295
488
95
1622
143
601
909
254
565
444
5135
414
504
4570
344
479
1033
34627
2228
1855
447
98
1684
1623
373
5143
8085
232
526
1622
190
3985
7414
6183
4183
3457
216834
1919
11278
8422
1176
21792
2070
1114
699
2084
2731
3988
11572
13144
9803
3364
7699
3867
1195
2814
3113
7624
2317
42375
1297
2539
5347
4122
10288
5377
9324
2121
3468
7135
3709
2910
8813
11028
4474
5417
2492
5317
17548
20572
7256
4283
9299
18399
4312
12110
13349
2911
8738
20834
7437
13124
10886
82989
5619
1810
2486
1836
3211
1551
4343
3950
5930
6933
2129
6228
2706
4997
2469
3804
6824
1588
3696
60357
15779
2115
913
68993
7983
1288
6227
5358
4492
5684
4165
2727
1116
450
3796
458
1222
2066
6852
2443
2166
10011
1927
742
1117
2502
6045
5314
1862
40766
18556
8995
6777
4247
4916
1750
8819
10415
753
21844
1121
2219
1627
10635
3042
3979
13863
106474
544
1311
1904
9634
5839
1258
9869
1265
919
2427
3625
430
3991
6311
2059
3332
23370
5456
4682
1516
9455
7190
13861
2615
1263
1141
1906
1120
390
4098
3910
1048
8776
4636
649
1057
5264
15119
4071
3272
3235
5381
3041
6232
1777
491
6457
2058
7549
619
104186
541
1893
1667
3269
10583
3293
4618
1013
2871
5694
652
1158
567
4347
5482
295
1614
670
1119
2879
1855
596
1643
2094
4116
3467
1486
2749
4645
2876
7083
3219
75
518
364
2471
721
629
8320
1322
3655
2532
1334
2396
3196
536
222
54050
1246
410
5562
2834
3695
4225
6816
3402
485
1550
1312
1223
2523
1049
34
1452
7447
10282
1450
4615
1625
5690
17675
5413
4736
34749
4738
19480
5709
93454
3563
7439
1698
2602
5851
5620
1934
5964
2895
3079
6010
3073
2821
2566
11443
2846
9489
4898
6287
5989
2248
14967
3710
3383
3785
8572
4877
6385
7798
4052
8546
5498
92925
3650
2216
8828
4876
3569
6672
16186
2575
2476
1145
2707
2153
2172
10982
225
9931
6848
683
510
8028
873
1258
599
3917
4085
4323
1764
3137
21332
84283
1718
3050
5892
1595
1322
13652
692
5845
3544
57606
607
6992
6346
3342
860
1910
6180
1668
1339
7931
6221
566
1265
5722
13275
5206
4236
3750
2220
2064
324
1118
5348
13750
559
1905
3655
3524
10224
9855
738
3876
580
7663
16581
6546
2730
11245
11395
24196
4793
10232
6415
9962
3284
28284
8914
14276
212275
2716
12819
3165
8090
9253
11996
1157
1980
2217
8727
8339
719
4888
12946
10574
5584
4649
10679
739
31016
7489
30427
10462
4781
3346
5036
8967
2246
1467
2318
2547
833
4467
1316
1720
13126
4874
48361
691
2213
4121
4812
7204
723
555
9024
2390
561
5157
1515
2336
2320
507
609
2073
2002
8255
2617
1877
219
5159
17048
10390
95101
1069
1071
20467
2035
6683
1858
18866
4268
268
1893
8239
3364
6085
4288
19816
1440
27149
373
3805
1198
3265
429
4596
384
2256
51211
13621
1240
690
2576
2118
1566
14383
1547
4606
918
7671
723
1763
597
35770
1011
812
6613
1146
35282
617
417
1432
4730
2711
3034
40457
5829
1466
1324
4513
1198
2900
575
5091
3537
4006
7543
3958
689
7766
27419
7553
1230
1261
870
3386
2305
754
870
1040
1347
452
6707
419
2855
3097
52335
3544
9114
16447
977
20027
17654
7349
1052
8099
2770
7809
5376
6561
1319
10612
5354
2684
4642
3996
1923
4686
12701
6772
10755
11038
5609
54181
5394
15246
824
5019
7027
3394
3766
4229
1932
2232
1586
5476
1389
1603
3919
966
5051
13036
1397
3309
8494
6148
5110
793
1431
2544
1381
17738
883
693
526
3099
984
4883
1567
2730
32874
7573
6004
4433
807
1807
8569
10798
5792
102198
6404
3516
16886
12931
2649
3100
1405
2628
1994
1839
9019
651
2203
4684
24589
2035
12591
740
5778
33287
1529
1166
1993
3624
9145
20142
346
8615
11082
2231
958
3385
364
758
1024
3455
2801
612
3307
3378
96079
2192
1314
52
418
7094
340
798
295
656
1564
5510
21780
9772
4125
4834
2205
9640
2112
229
840
2624
1142
974
7391
1677
1091
1522
1617
1100
1341
1857
1632
1122
965
1180
1185
956
3101
1010
772
675
909
11866
12601
1092
332
650
153
1270
3162
1480
2929
63827
3002
56389
2709
847
1312
4545
1537
2925
10927
1051
2019
1926
8881
3142
2667
17851
15561
5754
1086
23574
7766
3733
603
2141
1176
6051
1807
4144
1154
2329
1311
21151
3945
2049
420
2797
1091
1327
533
2498
4147
27064
2209
1688
2578
1320
4428
1832
2212
1155
661
31068
655
5267
1804
1444
2280
1911
606
3177
5929
822
9638
1562
948
2638
1324
320
1228
288
366
7333
3265
118
2501
1323
570
28128
4286
1320
1360
2515
1170
83
1075
3926
324
2760
138
268
6189
24084
738
9107
1276
392
835
352
457
1425
24883
6109
2725
4427
65
4239
2053
2077
4321
459
5930
523
560
1229
741
631
146
4018
6298
9146
12621
528
1993
7669
814
1899
234
625
606
11530
5625
1680
212
518
684
2700
1143
981
418
359
5213
1411
1004
4763
7310
36672
4970
5849
552
169
791
3410
2870
371
859
1231
887
630
1221
2456
8564
1734
401
964
707
1702
625
3967
1656
455
3766
59186
1584
1235
390
1231
2857
2031
2480
878
2153
775
605
523
4540
3330
4271
9003
8543
1957
2210
377
1139
1867
21944
569
1901
776
839
534
391
997
259
729
453
3888
7890
249
462
233
1285
1506
4918
271
449
576
357
491
1612
1425
1008
10050
14659
1223
855
10108
1399
231
1200
183
1211
16824
1667
2628
12821
2923
3569
1441
4686
2566
1592
429
5584
1905
1089
221
1501
21695
2330
616
2495
2980
13256
5193
4868
1160
630
442
1077
2440
357
12103
326
5919
1903
857
26905
1328
748
1574
968
7658
8214
2004
5025
932
1944
1056
704
1876
3415
3011
1513
2694
8369
776
3151
605
4496
214
1305
1930
2181
632
857
1146
3661
853
1489
1896
430
1371
15959
1600
2893
235
848
3119
1123
1070
1579
621
1021
12933
496
1351
687
1605
1053
211
39185
947
407
2676
20877
6302
22018
21587
11500
6085
74883
2523
1880
12122
3793
2176
8288
1727
7995
747
2700
721
741
10412
4916
4304
5852
12692
4381
2010
1827
24895
361
336
1463
1652
127
391
370
655
2736
1655
1056
408
764
172
576
782
4352
260
240
217
89
932
316
159
401
2240
332
7749
823
1618
392
941
188
1474
366
2138
41
70
303
244
533
763
188
456
2489
212
121
223
110
1215
726
1300
682
3497
1624
1450
320
363
168
27568
774
318
496
336
1659
668
1151
798
599
761
708
140
153
103
968
1093
22843
2666
10709
530
29371
783
21848
10921
921
7875
1831
10346
280
5479
2601
205
5294
221
2787
385
5210
4294
4308
578
6195
694
256
19979
21954
757
377
29701
1021
12726
2418
7937
299
40470
15125
6498
13063
3026
1267
3516
13797
766
469
11442
45851
224
3560
18807
7372
7576
538
763
555
4064
503
3482
23775
1502
11356
6375
798
1213
3193
5339
22652
1179
1518
4350
754
1200
1119
26614
4010
12810
7423
134
424
1279
33933
618
5187
4922
456
126
240
8737
164
6135
644
455
1499443
823
3786
529
8071
950
1449
9709
2322
2158
2030
115
5498
5211
30608
3118
662
2710
177
170
8871
30156
2257
111
8994
3498
542
2306
633
778
2777
2001
2302
1080
502
2024
3085
1134
3686
3174
1224
1506
1322
822
740
9078
997
2090
4855
1195
908
1704
811
1402
1646
1501
522
547
2192
5270
8298
1230
2269
5266
591
2233
4833
1354
369
4895
1264
5171
3901
8891
219
4994
1845
1630
2509
1394
7800
2820
784
39402
3247
1680
1327
684
739
6409
504
193
3115
854
360
335
795
559
3860
1956
3299
2680
215
1060
566
30975
197
518
114
298
1795
2818
197
81
1164
966
561
3888
195
15279
584
1121
594
183
826
1675
780
5422
263
751
21819
441
233
400
2921
581
50
78
50
407
1478
1567
2165
13813
2639
811
549
603
152
260
1002
75
608
527
1422
580
535
812
2431
1115
1471
722
799
46
153
589
110
8540
570
11572
1226
1482
3125
1979
318
231
2570
1896
1134
502
2575
751
1028
261
952
23967
570
1419
738
184
882
503
182
645
24363
2111
376
1055
412
114
696
701
69
548
280
639
125
466
2948
353
140
322
52
3011
196
216
3632
642
70
581
6139
986
617
171
2043
132
572
751
115
626
240
213
396
138
1081
324
1258
42128
903
3263
510
2229
894
260
1430
885
336
725
250
250
741
272
1135
685
742
430
1155
2449
675
836
2293
642
275
4643
595
1735
370
395
455
249
809
95
974
2350
46
1128
325
666
267
63
1401
1064
341
2307
1667
218
14048
3943
177
1831
3545
329
74
273
575
367
562
246
2188
693
167
1650
2306
1190
381
468
886
6813
8807
740
1006
3515
133
914
1037
867
1879
4627
4376
614
29838
2023
1123
7679
72594
299
5366
780
298
3245
504
2576
198
142
1252
2395
348
11716
1633
1815
548
239
433
6929
1140
514
6697
1526
4399
1185
4367
1128
338
4447
684
1368
921
1440
981
2982
1432
2174
1403
2856
385
778
184
14329
2881
8468
664
4886
2223
5701
2893
4156
1008
149
8879
307
15017
5945
3238
8817
32982
1051
1713
6542
848
580
404
1607
4625
811
746
29869
365
1558
508
4372
1211
299
159
294
742
511
2085
402
186
449
1176
241
2075
748
787
448
621
450
3126
1003
4237
500
338
290
327
731
650
1266
96
299
670
749
949
230
228
3803
260
367
1097
998
2092
679
814
143
1508
78
3307
292
1894
463
680
367
99
396
871
292
584
633
3107
480
300
2545
230
1162
926
686
390
19691
451
790
2705
561
1597
1997
266
2944
374
380
378
513
811
667
157
1027
74
294
76
764
163
559
845
128
344
397
1170
1683
12399
412
620
1015
596
1528
312
1286
949
487
157
229
411
176
308
1576
601
518
320
635
266
806
346
195
43
336
402
1180
381
6730
2533
2263
1069
961
13873
6605
4599
32840
1884
2822
2145
1493
183
1243
2788
714
2109
1482
806
1095
534
647
1177
972
5656
1638
304
1329
1850
807
1031
1691
1664
3119
2373
2093
362
4833
1155
883
1354
931
2139
3723
688
2001
1006
1185
7265
4351
215
2209
2129
6525
1417
835
4478
1731
3254
420
11403
715
959
3010
2504
1204
1057
399
1301
155
1154
882
1638
2429
1069
1143
1432
505
2117
476
690
2961
1445
489
944
951
845
869
487
420
2295
757
1255
625
698
478
3977
1632
7619
347
2254
1819
919
923
1418
901
1233
776
231
576
468
1560
743
1480
602
953
1849
668
5049
1640
3313
1658
1136
478
1368
35888
813
1294
1044
1668
588
986
830
514
877
772
1569
698
1211
2141
2407
1497
1386
2333
1700
1319
2074
2067
957
767
583
1137
1373
271
3016
2449
1111
2540
993
637
7865
2735
2232
1394
1184
1206
917
1189
319
1723
1481
1220
893
756
2662
6220
1627
1962
1370
1247
477
1961
774
564
2457
2327
524
6812
2779
295
340
2150
4184
929
2147
1798
722
4302
2584
3072
27512
1294
3198
1106
3212
3329
1128
2867
5379
941
10169
4199
4503
7947
10049
5359
3569
4939
43263
922
683
896
2265
9490
4475
2694
4629
242
758
4117
1238
2025
474
796
2706
4829
284
1269
340
2116
3853
6367
415
652
8463
6190
19471
21418
1293
2004
12619
13608
6200
1626
1422
6388
2756
1750
3421
943
4277
864
879
1004
692
4407
1378
1981
2171
487
240
1048
6624
9261
558
6859
3717
12610
558
1143
6975
8293
18331
1515
3254
1269
8091
12474
4178
4793
7103
7665
504
10248
3770
478
1590
3568
5945
4148
28634
29022
4414
3327
18189
14288
5083
13906
5564
9427
18384
6968
3174
3396
1386
11921
26651
2088
4026
6308
10195
2259
39688
34270
4385
9933
7717
4298
1030
6920
27585
8367
17350
8933
60272
15944
9446
10267
2425
3533
914
29911
4515
17156
3030
7705
18024
4566
6362
18256
451924
19850
13186
8497
7550
3290
10850
7818
23679
14409
29802
40689
5274
12934
21667
3945
6243
25651
15369
2131
5419
5140
6499
15125
15725
10801
3779
9091
3645
1616
19059
9173
4639
9169
20574
41766
4941
2010
12018
16573
2588
13273
1542
12135
3436
569
4019
2916
18879
856
3060
1315
493
1336
10419
28704
7903
448
3239
3111
1341
1593
864
3839
9258
233
644
11760
646
777
2846
1202
906
5283
1536
297
8577
1332
812
31305
1043
2864
1391
1279
685
1927
404
462
1906
1563
313
364
19756
741
8387
412
585
3031
6855
673
705
603
671
830
466
763
578
396
3204
13063
1718
1134
1067
1494
6075
6871
281
910
3673
344
25984
14646
1359
1352
3771
2086
913
605
327
2983
19264
2409
6611
1078
498
397
680
773
1480
2974
1244
14659
2253
1125
1185
599
1358
688
4039
920
5290
784
215
379
523
270
7254
1159
78811
320
4046
2154
2589
1603
5571
496
321
986
918
1806
290
1607
5338
232
6088
1471
3772
16790
2591
27513
861
169
2176
777
6006
1961
421
439
4311
1177
777
1188
272
2375
909
162
5070
990
1855
4550
12869
9912
6574
40077
180579
1317
7015
30891
6835
9020
10457
8544
12287
3386
15161
27966
16123
11660
23710
7289
8876
21391
13902
29738
28780
11304
14636
12019
1022
11065
17002
10487
13897
3774
5596
15957
14857
4837
15548
7189
10931
46535
9426
10611
3771
7153
4831
23457
20449
8261
15168
8392
17965
3660
3559
5904
7690
10883
3121
6091
5269
1355
525
690
7167
3376
1624
1803
3354
1583
3373
534
2022
865
1029
1130
766
782
906
96
25950
978
2265
323
80966
2174
191
3099
17474
31576
3277
677
6290
396
1503
1722
9030
547
2339
1596
1377
1100
1130
1975
392
14776
7459
553
7338
2953
28295
1043
2091
2668
2791
8801
4031
3817
6908
211
918
1651
2589
3621
3151
3499
2915
5135
2373
1167
1683
4402
5972
1048
1492
7055
2401
11196
1831
2557
3001
1502
7527
3641
13477
3553
3172
2526
5382
1866
2772
15291
8705
10868
664
1187
3384
51407
5199
7690
6722
8992
5662
1064
6203
6068
3926
1516
2047
2202
7744
1558
1818
3145
18346
3017
1388
4593
1455
3760
907
5266
1144
3527
3303
3010
5846
5054
4869
2569
917
1286
4806
3630
3309
2075
1737
4179
1091
2491
3169
2774
2232
8272
1490
2325
993
8114
6289
6752
1728
8615
10037
3122
6646
2684
7754
4366
1297
3689
4019
9619
7779
2210
3084
12382
18145
8927
4508
6023
16885
28836
3101
17733
3138
2184
1409
9593
4518
8781
6451
1112
8458
5166
8590
7379
104208
2498
57725
51914
30325
14708
6370
4967
7192
3680
30747
7466
1081
514
6588
458
160
716
355
5105
548
542
3023
1292
2499
34757
1409
4025
5217
3903
271
9006
9550
2198
1393
1661
614
787
3925
2115
3046
2632
817
911
1447
918
957
294
2339
7070
1097
784
1605
1633
2952
2245
485
1024
218
474
736
309
516
1246
453
513
793
540
312
1162
1327
808
332
1830
1093
2512
490
3222
398
932
303
3132
2652
960
8119
7555
2974
2415
3199
877
10324
305
2211
822
723
3110
940
447
2390
2595
1806
1187
3575
2555
589
4154
41639
2738
574
7995
979
1640
869
1919
2240
620
789
544
415
1734
475
128
899
793
3509
795
464
1435
644
4153
807
350
654
4343
2081
1844
1443
380
1210
6740
1754
1527
1861
546
1022
438
359
286
1528
556
4104
2393
1066
1034
925
46227
290
227
644
2785
579
749
1067
2388
3442
2816
1808
2011
1131
290
242
994
1544
3173
2157
2360
780
321
33612
654
2380
181
1292
466
582
378
962
2822
503
2599
285
626
1089
617
1376
1536
1147
382
801
2174
891
724
1084
1011
889
1803
262
3838
1857
2563
1673
2512
477
5106
1885
876
1868
1242
1624
2061
455
863
915
664
994
10959
955
429
637
200
449
2263
7755
1454
1467
980
542
4926
729
5677
636
1490
1283
658
597
845
339
3547
1941
136
6221
7539
1565
6048
129
11642
1613
336
1082
1812
475
724
5210
480
669
720
17960
35517
583
4637
3030
2528
538
2038
701
702
1117
1563
1392
1214
4291
964
1166
992
1401
971
387
606
2363
1293
1633
1376
5042
650
455
958
1222
1123
1957
1742
562
5396
973
10941
967
2294
1819
641
163
957
727
538
220
8553
360
1390
808
461
859
814
524
437
3757
19695
1757
3708
3465
2495
975
16941
629
1973
547
862
280
1835
709
1569
655
771
9567
309
1641
3174
4074
591
963
311
2191
1060
627
677
981
2836
1382
1040
1256
2065
434
5639
680
296
3594
2695
1038
2631
267
2477
3167
4435
540
1684
2495
1485
1078
227
1120
582
2322
454
5045
1186
1814
698
195
4056
1904
1447
482
428
317
2406
160
361
256
671
910
333
3471
192
3340
4971
2070
419
1600
743
294
478
737
1329
768
8735
3298
1337
184
2280
5880
1293
3138
715
258
421
2300
5193
1262
1693
2568
3013
2623
963
9053
245
547
1173
5548
514
88529
846
3698
186
3340
395
6709
390
1984
1607
230
952
1053
533
207
804
376
263
149
2022
606
523
368
2605
1188
407
8059
846
77
548
1309
7325
263
1062
7103
975
930
336
1216
519
604
1201
5841
2574
28990
1587
4512
7175
1533
2783
648
4353
1608
2485
1058
408
1077
658
1482
2947
368
966
1167
725
2031
405
575
1619
607
1022
1213
1050
2991
948
766
1023
779
1044
2142
976
1653
1158
3531
361
975
623
2968
693
4611
520
506
2576
2413
2231
1194
1144
656
1587
4031
486
695
1081
496
760
1244
3283
372
577
17050
433
992
1085
27199
1384
4909
1853
1402
647
1991
1003
3689
4647
16197
4497
1259
1855
1701
478
14199
2770
596
2475
14005
841
6903
1233
1654
3409
8730
7540
4035
6407
5081
2327
9215
3261
1528
4686
1170
3374
689
2405
21740
2217
684
539
342
2164
32030
1603
1923
31226
963
6221
1794
794
6233
11012
1057
4948
12229
2619
3229
3219
811
1736
880
2046
10572
15414
29472
9911
16043
14427
10929
9838
2843
19610
2726
2392
1587
147989
5066
14778
6594
14381
1283
3002
1925
1902
7527
17099
1790
3775
596
2495
2327
25388
5934
4091
6511
24365
8008
2160
1562
2310
4810
5741
7694
1223
13335
6963
1563
4161
5754
895
3712
4816
8355
6058
11903
4411
4913
3054
5296
4377
2189
2974
6229
2409
2632
3167
1123
15017
1902
7334
7372
1698
10303
3299
3753
436
5639
4113
2426
2997
1026
389
1331
454
21674
293
3430
1474
7592
2592
1605
436
755
1670
648
1332
1320
289
1496
857
641
234
572
448
2052
355
1840
1872
1705
1456
186
4836
3986
886
1075
864
335
1482
935
436
5856
837
460
335
330
719
1267
116867
17051
625
550
2594
355
1541
348
918
1067
484
385
2135
2141
649
1192
3482
631
7517
727
2233
526
365
110
2131
627
286
1120
3735
4029
1669
1065
1616
1449
679
508
6568
805
2532
400
1702
5148
822
2329
2315
857
1116
1501
2873
5809
3753
4160
2586
3329
440
1491
552
725
2232
5127
1752
1030
659
4134
5246
27537
3171
1063
5724
2388
565
2050
756
3520
4541
2112
241
4106
728
1546
5994
17416
4825
6175
1772
1614
575
7903
2568
1549
1908
6320
1979
874
5916
6343
3903
936
1139
1025
720
444
776
3875
1949
3465
3530
1501
14074
19529
3319
1626
1111
320034
15540
1899
1569
3036
1701
1802
2551
784
1238
2695
4243
735
567
5699
1241
303
216
12991
6274
1971
5195
1525
517
1920
1079
1405
8919
1715
3919
4330
15123
1775
7836
29407
1600
9471
38167
4513
13004
27699
18748
15295
996
573
3730
9435
407
1290
11458
5860
11354
7324
11215
9318
4734
1814
6492
10674
59992
4096
5018
25025
1527
3413
5810
7682
16066
2813
14123
2004
2179
40872
24721
5947
3244
5506
4062
746
936
5761
2843
2394
33276
6291
1138
14761
86851
12903
4101
5490
4330
11685
4006
7280
38188
2934
16946
11282
3778
9815
4499
1164
734
1211
631
443
2024
1840
380
297
1507
1305
1176
719
1016
1159
4852
278
292
2098
355
651
1211
1532
734
1124
1105
1687
2980
267
780
201
784
212
1235
607
5822
1410
1035
134
20771
4068
654
460
183
314
429
1502
2128
3435
923
635
941
116
396
949
901
1069
1473
694
1067
841
5524
886
460
2086
369
299
1174
1292
5980
552
800
685
270
1757
843
572
743
23522
369
445
6432
953
317
831
1590
226
528
1768
1867
373
144
381
1868
2740
421
294
481
2282
339
3017
241
783
779
399
361
217
914
287
1364
391
300
4887
486
5500
1847
862
1275
305
282
59
1393
993
482
387
682
1476
29020
2221
1881
1838
3264
5957
349
1897
1076
1559
1351
2634
11888
1394
434
250
835
762
2544
2391
70530
710
53
4049
393
7621
1272
926
7195
310
1570
1306
535
1176
912
1703
2404
2259
909
1249
1521
219
145
818
215
2372
491
205
179
50
740
344
369
70
858
85
4092
669
5041
1392
157
232
495
2457
277
401
546
1032
316
2669
565
870
87
204
2137
226
378
934
346
640
260
1008
172
657
18186
835
138
1178
147
1216
383
82
1560
1356
2631
1272
1362
820
1101
973
252
106
504
484
181
197
1320
260
115
64
1334
196
552
83
5521
133
531
623
243
1431
408
163
207
834
150
623
562
3464
268
416
627
727
590
1310
1611
15572
3183
921
432
2390
5452
955
3755
1120
1222
350
303
1610
921
405
184
636
436
675
1152
268
2851
3506
560
1411
6527
15013
1548
124
1017
1203
734
2566
2930
921
1865
507
730
1441
1000
816
1187
506
1427
346
828
738
424
3110
547
2932
979
623
5052
3363
385
4706
2010
4856
1776
986
1449
6130
2261
694
739
2748
1428
5225
2707
346
84
712
444
370
2116
458
944
1059
677
2065
571
538
227
2359
326
1061
7944
1353
1950
539
334
621
603
2614
589
1902
3839
1356
